[0.04137097092016768, 0.06522789450297375, 0.06522789450297375, 3.401780492559621, 3.8077969174977335, 3.4639927073837744]
[0.04137097092016768, 0.06247653863718115, 0.06874927121619441, 3.4710170079833387, 3.8077969174977335, 3.4639927073837744]
[0.04137097092016768, 0.06086535717528175, 0.06688886284892473, 3.4764217970324833, 3.8077969174977335, 3.4639927073837744]

[0.04137097092016768, 0.061112352731866985, 0.0678360397874765, 3.479498766780884, 3.8077969174977335, 3.4639927073837744]
[0.04137097092016768, 0.06374220661183218, 0.0680557158737111, 3.4210311965463878, 3.8077969174977335, 3.4639927073837744]

[0.04137097092016768, 0.06097728567773334, 0.06547865903844345, 3.4411494554520403, 3.8077969174977335, 3.4639927073837744]
[0.04137097092016768, 0.06092904908497422, 0.0628674143175862, 3.4189710400732167, 3.8077969174977335, 3.4639927073837744]

[0.04137097092016768, 0.059087974910674745, 0.06537307765331309, 3.4417898627243924, 3.8077969174977335, 3.4639927073837744]
[0.04137097092016768, 0.05928559208592444, 0.05928559208592444, 3.383476869879946, 3.8077969174977335, 3.4639927073837744]


RES: [109, 1160, 1176, 1174]
SELF: [204, 1347, 644, 1785, 786, 1691, 107, 1389, 142, 2009, 321, 1543, 658, 1736, 659, 1735, 997, 1322, 662, 1328, 692, 1949, 933, 1990, 402, 1467, 657, 1734, 799, 1142, 110, 1160, 1174, 1176, 434, 1078]

SELF: [402, 1467, 62, 1135, 95, 1161, 321, 1543, 434, 1078, 659, 1735, 644, 1785, 49, 1177, 142, 2009, 598, 1609, 657, 1734, 933, 1990, 107, 1389, 786, 1691, 204, 1347, 692, 1949, 799, 1142, 662, 1328, 6, 1286, 109, 1160, 1176, 1174, 110, 658, 1736, 997, 1322]


